0.096772
0.100313
0.136577
0.113134
0.124370
0.049982
-0.034394
-0.086707
-0.109320
-0.081672
-0.064019
-0.007486
0.081244
0.052402
0.022441
-0.034512
-0.094200
-0.186656
-0.327397
-0.278550
-0.306216
-0.220414
-0.175121
-0.071360
0.032365
-0.006175
-0.074898
-0.124766
-0.248379
-0.335107
-0.497398
-0.394746
-0.400850
-0.310559
-0.270856
-0.117780
-0.006848
-0.028103
-0.060395
-0.155002
-0.343630
-0.447898
-0.562671
-0.475912
-0.479387
-0.312059
-0.228196
-0.097261
0.026203
0.015389
0.004822
-0.118886
-0.398235
-0.510306
-0.587254
-0.418260
-0.347337
-0.211069
-0.122537
-0.038376
0.075822
0.054622
0.012301
-0.067655
-0.168764
-0.256809
-0.354629
-0.182343
-0.150683
-0.066728
-0.035147
0.006551
0.182715
0.157292
0.139498
0.076657
0.071004
0.070147
0.150108
0.124871
0.107132
0.087265
0.099119
0.073017
0.311485
0.273637
0.303438
0.260577
0.309791
0.304354
0.366797
0.287118
0.259341
0.183249
0.186289
0.126658
0.296976
0.310224
0.422436
0.354927
0.459823
0.425260
0.488118
0.370334
0.330996
0.225913
0.200941
0.148422
0.339464
0.320167
0.471058
0.400524
0.467644
0.485083
0.623027
0.418302
0.398029
0.259202
0.221737
0.167921
0.310975
0.311296
0.403866
0.391788
0.522145
0.491914
0.626552
0.429718
0.372180
0.277816
0.173535
0.348484
0.302307
0.361547
0.328959
0.446489
0.440139
0.513339
0.401440
0.426535
0.301731
0.306502
0.185741
0.275740
0.275653
0.352159
0.282630
0.387451
0.368010
0.440875
0.383368
0.395778
0.306194
0.265259
0.187699
0.246520
0.220329
0.311349
0.249139
0.298308
0.331161
0.459937
0.352122
0.384030
0.273959
0.253889
0.174298
0.173534
0.158391
0.198882
0.206234
0.306538
0.305837
0.425099
0.291308
0.266273
0.206400
0.195146
0.129704
0.135058
0.121723
0.155314
0.182683
0.261077
0.250322
0.252097
0.170082
0.131514
0.092697
0.092659
0.078352
